0100010000000000
0000000000000000
0100010001000000
0000010000000100
0000010001000000
0100000000000000
0000010000000000
0000010001000100
0100000000000100
0000000001000000
0100000001000100
0000000001000000
0000000000000100
0100010000000100
0000000000000000
0000010000000100
0000010001000100
0000000001000100
0100000001000000
0000000001000000
0000000001000100
0100000000000000
0100010000000000
0000010001000000
0100000001000000
0100000000000000
0100000001000000
0000010000000100
0100000001000000
0100010001000100
0100000001000100
0100010001000000
