0200040001000100
0300030000000000
0400020001000000
0400010002000100
0200030000000100
0100030000000300
0200020002000200
0300010002000200
0200010003000100
0100020002000300
0100010002000300
0100010003000300
0100010002000200
0200000003000000
0100010002000200
0100010001000200
0100000002000100
0100000002000000
0100020001000200
0000010000000100
0100010002000300
0100010004000300
0100000002000200
0100000003000100
0000000002000200
0200020000000300
0100010003000300
0200010002000200
0300010002000000
0100020002000200
0100020001000200
0100010001000100
0200010002000100
0300010003000100
0100020001000200
0200030003000300
0300020004000300
0200020002000300
0400020004000100
0200030003000300
